11814735
11877631
11877714
11878238
11878295
11878461
11878741
12056238
12056784
12056839
12205140
12205141
12205159
12205930
12206105
12229600
12230306
12258559
12258561
12259088
12259256
12259318
12259498
12259512
12259513
12321541
12321956
12322220
12322413
12387112
12387123
12400504
12400563
12401220
12401256
12401448
12401506
12401726
12401732
12426365
14823138
14823139
14823270
14823271
14823270
14823271
14850129
14850133
14850231
14850232
14459872
14459878
14517614
14517640
14517641
14517647
14517649
14517650
14573552
14573553
14573565
14602875
14603295
14603296
14603300
14603310
14603311
14627616
14627619
14627620
14627622
14663429
14663432
14663434
14663435
14663436
14663437
14683147
14683508
14683511
14683512
14683513
14711233
14711239
14711240
14711242
14741449
14741453
14741454
14768760
14768766
14801155
14801633
14801634
14801637
14801640
14823136
14823137
14823138
14823139
